England Raindays>=1.0mm
Areal series, starting from 1961
Allowances have been made for topographic, coastal and urban effects where relationships are found to exist.
Seasons: Winter=Dec-Feb, Spring=Mar-May, Summer=June-Aug, Autumn=Sept-Nov. (Winter: Year refers to Jan/Feb).
Values are ranked and displayed to 1 dp. Where values are equal, rankings are based in order of year descending.
Data are provisional from January 2018 and Winter 2018.  Last updated 02/01/2020.

Year    JAN    FEB    MAR    APR    MAY    JUN    JUL    AUG    SEP    OCT    NOV    DEC     WIN    SPR    SUM    AUT     ANN
1961   16.1   12.2    3.3   14.8    6.3    6.0    9.0   12.4   11.5   16.1   10.7   12.8     ---   24.5   27.4   38.3   131.3
1962   15.8    7.3    8.4   11.0   12.6    4.2    8.5   12.4   13.0    5.8   11.7   11.3    35.8   32.0   25.1   30.5   122.0
1963    6.6    6.5   14.5   14.6   11.2   12.6    9.5   15.8    9.6   10.7   19.5    6.3    24.4   40.3   37.8   39.7   137.3
1964    6.2    7.1   11.1   12.4   10.0   11.5    7.8    8.3    6.8    9.1    9.7   13.3    19.6   33.6   27.6   25.6   113.3
1965   15.2    4.9   11.7   13.1   12.2   10.2   13.8   11.3   14.5    5.2   15.3   18.8    33.4   37.0   35.4   35.0   146.3
1966   11.0   15.6    8.0   15.6   11.3   11.9   12.0   11.6    7.3   16.0   13.5   17.4    45.4   34.8   35.5   36.9   151.3
1967   11.7   10.9    9.4    8.8   19.8    5.1    8.4   11.6   14.4   18.3   11.2   13.0    39.9   38.0   25.1   43.9   142.6
1968   12.3    7.6   10.0   10.8   12.2   11.9    9.5   10.7   15.5   11.9   11.0   10.1    32.9   33.0   32.2   38.4   133.6
1969   14.4   12.2   10.2   10.1   17.5    8.4    6.2   10.8    6.4    4.5   15.2   13.9    36.6   37.7   25.3   26.1   129.6
1970   17.9   14.7   13.0   15.0    5.2    6.7   12.0    8.7    9.7    9.4   18.5   10.9    46.6   33.3   27.4   37.6   141.8
1971   15.2    6.5   10.7    5.4    8.9   11.3    5.9   12.9    4.9    8.0   11.6    7.1    32.7   25.1   30.1   24.4   108.5
1972   16.4   13.0   12.7   11.7   14.2   13.8    8.2    5.8    4.5    5.1   13.1   12.8    36.4   38.6   27.8   22.8   131.3
1973    8.3    8.3    5.5   10.6   13.3    5.7    9.9    7.3    9.9    9.0    8.1   12.0    29.3   29.4   22.9   27.0   107.8
1974   16.5   13.7    9.5    3.0    8.1    9.7   11.0   12.0   17.6   14.6   16.8   12.8    42.2   20.6   32.6   49.0   145.3
1975   17.9    6.3   13.6   14.1    6.9    4.0    9.6    7.4   12.5    5.9   12.0    6.5    37.1   34.6   21.0   30.4   116.7
1976    9.6    8.3    7.7    4.2   11.9    3.6    5.0    2.9   14.0   20.9   12.5   13.1    24.4   23.8   11.5   47.3   113.6
1977   14.9   18.4   14.6   11.5    9.1   10.9    5.2   11.5    7.0   10.7   14.7   12.9    46.4   35.2   27.6   32.4   141.5
1978   15.5   13.6   14.8    9.9    6.8   10.0   11.4   11.5    8.7    4.4    8.3   19.4    42.0   31.5   32.9   21.4   134.3
1979   13.3    9.5   18.0   13.3   15.7    7.7    5.3   12.1    6.6   11.3   13.8   16.8    42.2   47.0   25.0   31.7   143.3
1980   10.8   13.4   15.5    3.8    5.0   15.6   11.0   10.3   10.0   15.1   13.0   12.9    40.9   24.3   36.9   38.1   136.4
1981   12.2    7.6   19.6    7.8   16.3    7.9    8.8    4.8   13.8   16.9   11.2   12.5    32.6   43.7   21.5   42.0   139.4
1982   12.4    8.7   14.1    4.5    8.0   14.9    4.8   12.9   10.6   15.3   16.3   12.1    33.5   26.6   32.6   42.3   134.7
1983   13.9    8.7   13.8   16.4   17.8    6.0    4.9    4.2   13.0   11.9    6.1   14.3    34.7   48.1   15.2   30.9   131.0
1984   19.2   10.0   10.0    3.3    8.3    7.0    5.5    7.2   14.2   13.4   16.7   14.5    43.5   21.6   19.7   44.3   129.3
1985   12.9    4.0   13.2   11.7    9.5   14.2   11.4   16.3    6.7    5.4   12.3   15.4    31.5   34.4   41.9   24.4   133.0
1986   17.5    4.4   14.2   14.3   14.1    6.3    9.1   12.5    3.0   12.5   15.0   17.4    37.3   42.6   27.9   30.5   140.3
1987    5.9    9.1   12.7    9.3   10.5   16.3   10.3    9.5   10.4   16.5   10.8    8.7    32.4   32.5   36.1   37.6   129.9
1988   19.7   10.5   16.4    8.0   11.0    6.1   17.5   11.1    8.7   12.0    6.6    7.4    38.9   35.3   34.8   27.3   135.0
1989    8.4   12.2   13.9   14.3    3.8    8.1    5.2    8.1    5.9   13.1    7.9   12.5    28.0   31.9   21.4   26.9   113.2
1990   17.6   16.2    5.2    8.9    4.3   12.9    5.6    7.0    8.4   12.8   11.2   12.9    46.3   18.5   25.6   32.3   123.0
1991   12.1    9.5   11.5    9.6    3.8   17.1    9.2    5.0    8.3    9.7   12.6    6.4    34.5   24.9   31.3   30.6   114.8
1992    5.7    8.7   15.1   12.4    7.0    5.6   10.8   14.9   13.5   11.2   17.5    9.6    20.8   34.6   31.3   42.2   132.1
1993   16.7    3.4    4.9   12.9   10.7    9.3   13.2    7.9   12.9   11.1    8.3   20.0    29.7   28.4   30.4   32.3   131.3
1994   17.2   11.6   14.9   12.6   10.1    6.7    7.1    9.9   13.6   12.1   11.6   15.6    48.7   37.6   23.7   37.3   142.9
1995   17.3   16.9   13.2    5.2    8.0    5.6    6.2    2.9   14.5    6.9   11.1   11.4    49.8   26.4   14.7   32.5   119.3
1996    9.4   12.8    7.8    7.5    9.1    5.5    7.8   10.1    5.7   14.1   15.8    8.2    33.6   24.4   23.5   35.6   113.9
1997    4.4   14.8    6.4    4.4   11.4   15.9    9.4   11.1    6.0    8.1   16.4   14.5    27.3   22.3   36.4   30.5   122.8
1998   13.7    4.7   11.5   19.1    5.9   16.9   10.6    7.3   12.1   17.7   13.1   15.8    32.9   36.6   34.8   42.9   148.6
1999   17.5   10.0   12.4   12.2    9.6   12.0    4.3   12.6   14.2   10.2   10.2   19.2    43.3   34.1   28.8   34.5   144.1
2000    8.2   15.8    6.7   18.1   12.6    7.7    9.3   10.4   13.9   18.3   19.0   15.9    43.1   37.4   27.4   51.1   155.7
2001   11.0   12.8   14.4   16.2    6.3    6.7    9.1   12.5   13.2   16.1   10.8    8.7    39.7   36.8   28.2   40.1   137.6
2002   13.9   17.0    9.2    8.1   14.1   10.0   11.6    8.5    3.9   14.7   19.5   16.4    39.5   31.4   30.1   38.1   146.8
2003   13.5    6.7    5.6    7.4   13.2    9.7   10.5    3.0    5.6    8.8   13.6   12.6    36.6   26.2   23.1   28.0   110.2
2004   17.8    9.1   10.9   13.1    7.5    9.0   10.9   16.2    9.8   17.3   10.0    8.8    39.5   31.5   36.0   37.0   140.3
2005   11.1    9.9    9.1   12.3    9.5    8.6    8.3    9.3   10.0   13.6   11.1    9.3    29.9   30.9   26.3   34.6   122.2
2006    6.7    9.6   13.9    9.4   14.9    4.7    6.5   13.5   10.2   14.8   14.0   13.9    25.6   38.3   24.7   39.0   132.3
2007   15.7   15.7    9.2    2.0   14.0   14.8   16.2    8.2    7.4    5.9   10.5   11.5    45.3   25.2   39.3   23.8   131.2
2008   17.4    6.6   15.7   13.8    7.7    8.9   12.1   16.3   11.4   12.2   13.7    8.5    35.6   37.2   37.4   37.3   144.5
2009   13.0    8.2    8.1    8.1   10.4    7.4   17.3   10.4    4.2   11.2   21.5   17.2    29.8   26.7   35.1   36.9   137.1
2010   12.5   15.1   10.4    5.8    6.6    6.2    9.5   13.2   11.5   11.3   14.6    8.1    44.8   22.7   28.9   37.4   124.7
2011   11.3   13.5    4.0    2.6    8.9   12.0    9.6   12.1   10.1   11.2    9.0   17.0    32.8   15.5   33.6   30.2   121.1
2012   11.8    5.4    4.9   18.5    9.1   16.6   16.0   13.5   10.0   15.7   14.1   18.6    34.3   32.4   46.1   39.8   154.2
2013   13.4    7.1   10.3    7.2   11.8    8.1    6.6    8.5    9.4   18.3   11.9   15.5    39.2   29.3   23.2   39.6   128.1
2014   23.1   17.9    9.5    9.5   14.4    8.1    7.8   14.4    3.5   15.6   16.1   11.2    56.6   33.4   30.3   35.2   151.2
2015   15.5    9.3    9.4    6.9   12.8    6.4   12.3   12.3    8.3    9.1   18.8   18.8    36.0   29.1   30.9   36.2   139.9
2016   18.2   11.2   10.6   14.1    8.7   13.9    8.0    9.2   10.2    7.5   11.9    7.6    48.2   33.3   31.1   29.6   131.0
2017   11.1   12.1   12.1    4.6    9.1    9.4   12.8   11.1   16.4    8.8   11.4   14.9    30.7   25.9   33.3   36.6   133.8
2018   16.7    9.8   16.3   12.4    7.1    2.7    5.2   10.2    8.2    8.8   12.2   15.2    41.4   35.9   18.1   29.2   124.9
2019    8.2    8.4   13.4    6.8    8.8   12.9    8.8   11.6   13.1   17.3   18.2   15.9    31.8   29.1   33.3   48.6   143.6
