Scotland Raindays>=1.0mm
Areal series, starting from 1961
Allowances have been made for topographic, coastal and urban effects where relationships are found to exist.
Seasons: Winter=Dec-Feb, Spring=Mar-May, Summer=June-Aug, Autumn=Sept-Nov. (Winter: Year refers to Jan/Feb).
Values are ranked and displayed to 1 dp. Where values are equal, rankings are based in order of year descending.
Data are provisional from January 2018 and Winter 2018.  Last updated 02/01/2020.

Year    JAN    FEB    MAR    APR    MAY    JUN    JUL    AUG    SEP    OCT    NOV    DEC     WIN    SPR    SUM    AUT     ANN
1961   15.4   16.7   14.3   15.6    9.6   13.5   13.6   18.6   18.0   21.8   15.0   14.5     ---   39.4   45.6   54.8   186.5
1962   22.3   15.6   11.6   11.7   13.9   12.2   10.2   20.8   18.1   12.5   15.5   18.0    52.5   37.3   43.2   46.1   182.6
1963    9.0    6.1   18.4   14.6   18.4   13.8   13.5   17.9   16.5   18.0   20.4   10.7    33.1   51.4   45.2   54.9   177.3
1964   11.7    9.5    9.0   17.3   15.0   12.9   13.6   16.8   17.6   13.7   15.6   19.6    31.9   41.3   43.3   47.0   172.4
1965   17.7    9.0   12.1   16.7   15.0   16.2   13.8   15.5   17.9   12.5   15.2   21.5    46.3   43.8   45.5   45.5   183.0
1966   11.3   15.6   19.1   10.8   16.2   16.3   13.5   12.7   14.9   17.7   18.1   24.2    48.4   46.0   42.5   50.7   190.3
1967   17.8   16.5   22.4   13.0   18.3   11.9   16.0   13.5   16.1   24.1   16.4   18.4    58.5   53.8   41.4   56.6   204.5
1968   18.8   12.7   17.6   11.8   13.6   11.8   12.7    9.7   14.3   19.2   11.3   13.0    49.9   43.0   34.2   44.8   166.5
1969   20.0   12.7    9.3   12.7   16.8   12.2   13.6   13.3   14.1   16.2   19.5   16.0    45.7   38.8   39.0   49.7   176.2
1970   16.6   16.5   17.2   17.1   13.2    8.8   18.5   11.6   19.0   18.7   22.4   15.2    49.1   47.6   38.9   60.1   194.9
1971   17.0   13.0   15.2    8.9   13.2   13.4   10.3   13.6   10.8   16.1   19.0   16.2    45.2   37.3   37.2   45.9   166.7
1972   18.4   14.2   13.0   16.0   14.6   17.7   10.8   11.7    7.0    9.7   19.2   16.4    48.8   43.5   40.2   35.9   168.6
1973   14.8   15.6   10.9   13.4   15.9   12.0   12.5   15.0   13.6   13.2   17.9   20.6    46.7   40.3   39.5   44.7   175.4
1974   23.1   16.9   11.7    3.2   13.3   11.8   17.8   15.7   20.5   17.7   21.0   25.4    60.6   28.2   45.3   59.2   198.1
1975   24.7    8.0   11.9   17.8    7.6    9.4   14.6   11.2   19.4   10.7   16.4   15.7    58.0   37.3   35.3   46.6   167.6
1976   20.8   12.7   15.9   10.6   17.7   12.6   10.3    5.0   14.2   19.9   15.4   16.4    49.3   44.3   27.9   49.6   171.7
1977   15.8   15.3   18.5   20.0    9.8   10.9    9.6   11.4   16.2   17.7   20.6   14.8    47.5   48.2   32.0   54.4   180.5
1978   18.9   13.6   21.5    9.3    7.6   11.3   12.0   15.7   20.4   16.0   19.7   17.7    47.3   38.5   39.0   56.1   183.7
1979   17.1    7.9   20.0   16.8   17.5   12.1   16.2   16.2   16.4   17.2   21.6   20.0    42.6   54.2   44.5   55.3   199.0
1980   15.3   14.7   16.5    6.7    6.1   16.7   15.6   16.5   21.4   19.6   18.9   23.2    50.0   29.3   48.8   59.9   191.2
1981   21.4   11.6   19.0    6.9   14.7   15.4   15.1    9.7   18.5   21.8   21.1   12.4    56.3   40.5   40.3   61.3   187.5
1982   15.9   13.9   18.2   10.3   12.2    8.2    9.0   19.7   20.3   19.9   21.5   20.3    42.2   40.7   36.9   61.7   189.4
1983   24.0    9.6   21.8   13.5   15.1   11.8    7.2    7.9   19.3   23.8   10.7   21.1    53.9   50.4   26.9   53.8   185.8
1984   22.6   14.8   12.9    9.2    6.3   11.0    8.7    8.1   19.6   22.0   20.0   19.8    58.5   28.4   27.8   61.6   175.0
1985   12.6    7.0   15.6   18.7   10.8   14.7   19.9   24.3   19.8   10.6   15.7   21.5    39.4   45.1   58.9   46.1   191.2
1986   20.8    5.7   19.6   13.9   21.3    8.6   14.1   14.7   11.5   18.8   22.3   24.1    48.0   54.7   37.4   52.6   195.3
1987   10.9   12.5   17.9    9.9   12.2   14.8   15.5   13.8   18.1   18.4   14.9   14.8    47.5   40.0   44.1   51.3   173.7
1988   21.7   18.7   20.5   11.5   10.1    6.1   23.0   20.2   16.9   17.5   13.8   18.9    55.2   42.1   49.3   48.2   198.8
1989   18.1   21.1   21.8   12.6    9.9   11.0    8.5   19.9   12.4   20.9   10.0   10.3    58.1   44.3   39.3   43.3   176.4
1990   24.5   23.9   19.8   15.3    9.6   16.0   11.2   16.8   15.4   18.8   13.6   18.3    58.6   44.7   44.0   47.8   203.1
1991   15.1   11.9   15.8   13.4    8.8   18.0   13.9   11.6   13.6   15.2   21.0   13.7    45.3   37.9   43.4   49.7   171.7
1992   10.9   18.6   22.7   18.1   11.3    7.8   15.4   22.1   19.2   15.1   23.4   16.4    43.2   52.1   45.2   57.7   200.9
1993   25.1   11.0   15.3   14.6   13.3   12.4   17.1   13.8   11.3   13.4   11.0   23.2    52.5   43.1   43.3   35.7   181.5
1994   23.7   12.1   25.2   17.6    6.4   16.9   11.3   13.0   14.7   15.3   18.8   22.6    59.0   49.2   41.2   48.9   197.8
1995   22.9   20.5   20.3   12.1   15.6    8.4   12.7    7.9   16.9   21.9   14.1   10.1    66.1   48.1   29.0   52.9   183.6
1996   13.6   16.6    8.4   16.3   13.9   10.7   12.0   12.0    8.0   23.0   19.6   12.6    40.2   38.6   34.7   50.6   166.7
1997    9.1   22.2   17.8    9.9   13.1   13.7   13.3   10.8   12.9   12.8   17.2   18.8    43.9   40.9   37.8   42.9   171.7
1998   18.3   18.6   17.0   16.7   10.5   15.4   18.4   15.6   12.0   21.5   20.1   20.4    55.7   44.3   49.5   53.6   204.6
1999   21.7   18.8   16.4   14.2   14.3   15.5   12.6   10.4   17.5   16.5   16.9   23.1    60.9   44.9   38.5   50.9   197.9
2000   18.4   22.7   15.1   14.0   11.8   12.7    7.7   16.1   17.5   22.8   21.8   18.2    64.2   40.9   36.5   62.1   198.7
2001   12.5   14.1   13.1   14.3    8.7   13.6   14.7   15.7   14.1   22.9   19.9   14.9    44.7   36.2   44.1   56.8   178.5
2002   19.3   23.1   16.0   13.0   17.4   19.8   17.6   12.1    7.8   18.5   19.8   12.2    57.2   46.4   49.6   46.2   196.8
2003   18.6    8.9   10.8    9.2   20.3   13.4   14.1    8.6   14.0   12.8   18.5   16.7    39.8   40.3   36.1   45.4   165.9
2004   23.1   13.0   14.2   17.6   11.0   18.2   13.2   16.2   18.2   20.3   18.3   20.3    52.7   42.8   47.6   56.8   203.5
2005   20.8   15.7   15.0   14.7   16.9   13.3    8.8   16.3   15.9   16.9   17.5   15.1    56.7   46.6   38.4   50.3   186.9
2006   12.3   11.5   18.3   16.0   17.7    9.7   10.3   14.2   16.0   20.4   21.0   18.4    38.9   52.0   34.2   57.5   185.9
2007   23.1   16.6   15.3    8.1   17.3   13.2   17.5   15.5   13.7   11.7   19.5   16.2    58.1   40.7   46.2   44.9   187.7
2008   24.8   15.0   21.4   16.5    5.6   15.5   14.1   18.5   14.6   22.0   17.8   15.1    55.9   43.5   48.1   54.3   200.8
2009   17.9   14.5   18.1   12.1   17.0   10.8   19.2   20.8   13.2   18.7   22.0   16.2    47.4   47.2   50.9   53.9   200.5
2010   14.9   12.6   14.0   13.1   11.5    7.6   19.5   15.1   16.1   16.2   18.6   12.0    43.6   38.6   42.3   50.8   171.2
2011   16.3   19.2   13.9    9.6   21.2   15.2   11.3   17.5   20.9   22.0   16.0   25.1    47.5   44.7   43.9   58.9   208.1
2012   18.4   14.2    9.1   18.1   11.4   14.9   16.7   16.9   18.4   16.6   19.6   20.9    57.7   38.5   48.6   54.6   195.2
2013   17.8   11.0   10.6   15.1   14.9   10.0   11.1   14.9   13.4   20.1   17.1   24.0    49.7   40.6   36.0   50.6   179.9
2014   23.2   22.3   16.4   14.1   15.9   11.6   13.2   19.2    7.8   20.9   16.7   21.6    69.4   46.4   44.0   45.4   202.9
2015   22.9   14.1   18.1   12.4   18.9   14.3   20.6   16.4    8.6   12.1   22.6   25.7    58.6   49.4   51.3   43.4   206.8
2016   23.3   17.3   14.1   16.6    9.6   14.0   19.4   14.3   17.6   10.4   14.6   16.9    66.4   40.2   47.7   42.6   188.2
2017   14.9   16.4   17.6   12.1   10.0   18.0   17.0   19.4   18.5   21.7   20.5   18.8    48.3   39.7   54.4   60.8   205.0
2018   18.3   13.9   13.9   14.4    8.7    8.3   10.8   17.2   19.5   17.4   18.2   15.8    51.0   37.0   36.3   55.1   176.4
2019   14.4   13.4   19.8    8.4   14.3   15.6   15.6   20.9   18.3   17.2   15.4   20.3    43.7   42.5   52.1   50.9   193.7
